104
28000 376
160000 256
27000 292
428000 318
80000 352
8000 208
76000 356
758000 23550
128000 320
152000 368
128000 256
60000 276
724000 2583
39000 331
104000 224
146000 374
433000 5157
84000 236
40000 284
219000 1225
34000 351
96000 256
101000 205
22000 240
613000 3261
50000 300
24000 392
68000 204
386000 509
800000 352
219000 348
22000 243
24000 312
352000 384
216000 284
24000 280
116000 356
89000 583
104000 312
760000 348
268000 640
48000 368
128000 256
436000 316
367000 2716
24000 465
782000 9346
1024000 256
64000 384
128000 224
868000 19280
300000 2919
37000 231
139000 596
88000 296
80000 224
504000 1677
500000 224
32000 352
464000 336
30000 312
20000 279
36000 396
736000 208
256000 256
48000 288
223000 806
162000 222
338000 4118
40000 256
60000 344
119000 1056
767000 15138
60000 376
96000 256
16000 280
16000 216
156000 3756
40000 216
885000 7711
192000 384
66000 589
48000 384
88000 256
167000 1478
4160000 256
128000 384
72000 338
694000 4282
8000 352
64000 256
38000 1530
64000 384
20000 360
503000 476
277000 2813
429000 3560
301000 2889
12000 230
78000 231
64000 384
374000 1057
22000 220
12000 224
