104
108000 791 0
112000 208 0
16000 336 0
157000 539 0
144000 224 0
634000 2297 0
719000 11089 0
892000 8275 0
140000 242 0
995000 2532 0
286000 302 0
64000 300 0
32000 328 0
196000 4290 0
48000 208 0
263000 1360 0
149000 630 0
64000 320 0
128000 384 0
736000 256 0
64000 256 0
12000 352 0
12000 205 0
32000 224 0
16000 208 0
32000 240 0
16000 296 0
160000 352 0
288000 230 0
32000 256 0
64000 384 0
24000 216 0
16000 308 0
20000 354 0
128000 288 0
64000 256 0
112000 208 0
256000 256 0
34000 486 0
512000 384 0
104000 296 0
67000 1154 0
84000 200 0
98000 241 0
21000 276 0
691000 1024 0
320000 384 0
64000 256 0
28000 288 0
42000 675 0
35000 340 0
16000 212 0
885000 7216 1
16000 336 1
428000 4417 1
16000 256 1
63000 1134 1
100000 278 1
719000 22804 1
284000 392 1
52000 498 1
28000 344 1
256000 256 1
32000 320 1
86000 294 1
11000 219 1
599000 7558 1
708000 2664 1
13000 280 1
36000 300 1
42000 350 1
120000 320 1
40000 847 1
164000 655 1
1024000 256 1
25000 222 1
64000 320 1
915000 5183 1
64000 320 1
32000 280 1
32000 280 1
40000 204 1
256000 384 1
181000 389 1
617000 1414 1
3584000 256 1
208000 224 1
327000 2473 1
40000 260 1
17000 207 1
56000 252 1
24000 304 1
62000 975 1
121000 262 1
954000 718 1
112000 256 1
272000 288 1
320000 240 1
242000 280 1
425000 2123 1
512000 256 1
32000 320 1
16000 224 1
48000 232 1
